[gd_scene load_steps=6 format=2]

[ext_resource path="res://entities/rescuee_group/RescueeGroup.gd" type="Script" id=1]
[ext_resource path="res://entities/rescuee_group/Rescuee.tscn" type="PackedScene" id=2]

[sub_resource type="BoxShape" id=1]
extents = Vector3( 10, 2, 10 )

[sub_resource type="CylinderMesh" id=2]
top_radius = 10.0
bottom_radius = 10.0
radial_segments = 8

[sub_resource type="SpatialMaterial" id=3]
albedo_color = Color( 0.8, 0.952941, 0.501961, 1 )

[node name="RescueeGroup" type="Spatial"]
script = ExtResource( 1 )

[node name="Rescuees" type="Spatial" parent="."]

[node name="Rescuee" parent="Rescuees" instance=ExtResource( 2 )]
transform = Transform( 0.707107, 0, -0.707107, 0, 1, 0, 0.707107, 0, 0.707107, -6.36396, 0, 6.36396 )

[node name="Rescuee2" parent="Rescuees" instance=ExtResource( 2 )]
transform = Transform( 1, 0, 0, 0, 1, 0, 0, 0, 1, -0.414214, 0, 7.65685 )

[node name="Rescuee3" parent="Rescuees" instance=ExtResource( 2 )]
transform = Transform( 0.866025, 0, 0.5, 0, 1, 0, -0.5, 0, 0.866025, 6.60867, 0, 7.75493 )

[node name="Rescuee4" parent="Rescuees" instance=ExtResource( 2 )]
transform = Transform( -4.37114e-08, 0, -1, 0, 1, 0, 1, 0, -4.37114e-08, -7.77818, 0, 0.707107 )

[node name="Rescuee5" parent="Rescuees" instance=ExtResource( 2 )]
transform = Transform( -0.866025, 0, -0.5, 0, 1, 0, 0.5, 0, -0.866025, -7.02288, 0, -7.43709 )

[node name="Rescuee6" parent="Rescuees" instance=ExtResource( 2 )]
transform = Transform( -1, 0, -1.50996e-07, 0, 1, 0, 1.50996e-07, 0, -1, -1.55878, 0, -7.70504 )

[node name="Rescuee7" parent="Rescuees" instance=ExtResource( 2 )]
transform = Transform( -0.965926, 0, 0.258819, 0, 1, 0, -0.258819, 0, -0.965926, 2.44122, 0, -7.70504 )

[node name="Rescuee8" parent="Rescuees" instance=ExtResource( 2 )]
transform = Transform( -0.965926, 0, 0.258819, 0, 1, 0, -0.258819, 0, -0.965926, 6.44122, 0, -7.70504 )

[node name="Rescuee9" parent="Rescuees" instance=ExtResource( 2 )]
transform = Transform( -0.258819, 0, 0.965926, 0, 1, 0, -0.965926, 0, -0.258819, 8.18361, 0, -5.06609 )

[node name="Rescuee10" parent="Rescuees" instance=ExtResource( 2 )]
transform = Transform( 0.258819, 0, 0.965926, 0, 1, 0, -0.965926, 0, 0.258819, 7.80467, 0, 1.24711 )

[node name="Area" type="Area" parent="."]

[node name="CollisionShape" type="CollisionShape" parent="Area"]
shape = SubResource( 1 )

[node name="MeshInstance" type="MeshInstance" parent="."]
visible = false
mesh = SubResource( 2 )
material/0 = SubResource( 3 )

[node name="Timer" type="Timer" parent="."]
one_shot = true

[connection signal="body_entered" from="Area" to="." method="_on_Area_body_entered"]
[connection signal="body_exited" from="Area" to="." method="_on_Area_body_exited"]
